service_id,monday,tuesday,wednesday,thursday,friday,saturday,sunday,start_date,end_date
AFA23GEN-1038-Sunday-00,0,0,0,0,0,0,1,20231217,20240616
AFA23GEN-1039-Saturday-00,0,0,0,0,0,1,0,20231223,20240622
AFA23GEN-1092-Weekday-00_C24,1,1,1,1,1,0,0,20231218,20240621
AFA23GEN-2042-Saturday-00_C25,0,0,0,0,0,1,0,20231223,20240622
AFA23GEN-2048-Sunday-00,0,0,0,0,0,0,1,20231217,20240616
AFA23GEN-2099-Weekday-00_C10,1,1,1,1,1,0,0,20231218,20240621
AFA23GEN-3039-Saturday-00,0,0,0,0,0,1,0,20231223,20240622
AFA23GEN-3041-Sunday-00,0,0,0,0,0,0,1,20231217,20240616
AFA23GEN-3091-Weekday-00_C46,1,1,1,1,1,0,0,20231218,20240621
AFA23GEN-4043-Saturday-00_C16,0,0,0,0,0,1,0,20231223,20240622
AFA23GEN-4049-Sunday-00,0,0,0,0,0,0,1,20231217,20240616
AFA23GEN-4103-Weekday-00,1,1,1,1,1,0,0,20231218,20240621
AFA23GEN-5043-Saturday-00_C42,0,0,0,0,0,1,0,20231223,20240622
AFA23GEN-5048-Sunday-00,0,0,0,0,0,0,1,20231217,20240616
AFA23GEN-5112-Weekday-00_C43,1,1,1,1,1,0,0,20231218,20240621
AFA23GEN-6031-Sunday-00,0,0,0,0,0,0,1,20231217,20240616
AFA23GEN-6034-Saturday-00_C35,0,0,0,0,0,1,0,20231223,20240622
AFA23GEN-6089-Weekday-00_C3,1,1,1,1,1,0,0,20231218,20240621
AFA23GEN-7024-Saturday-00_C33,0,0,0,0,0,1,0,20231223,20240622
AFA23GEN-7026-Sunday-00_C48,0,0,0,0,0,0,1,20231217,20240616
AFA23GEN-7064-Weekday-00_C31,1,1,1,1,1,0,0,20231218,20240621
AFA23GEN-GS013-Saturday-00,0,0,0,0,0,1,0,20231223,20240622
AFA23GEN-GS013-Sunday-00,0,0,0,0,0,0,1,20231217,20240616
AFA23GEN-GS022-Weekday-00,1,1,1,1,1,0,0,20231218,20240621
BFA23GEN-A046-Saturday-00_C49,0,0,0,0,0,1,0,20231223,20240622
BFA23GEN-A054-Sunday-00_C15,0,0,0,0,0,0,1,20231217,20240616
BFA23GEN-A086-Weekday-00_C19,1,1,1,1,1,0,0,20231218,20240621
BFA23GEN-B084-Weekday-00_C14,1,1,1,1,1,0,0,20231218,20240621
BFA23GEN-C026-Saturday-00_C32,0,0,0,0,0,1,0,20231223,20240622
BFA23GEN-C028-Sunday-00_C26,0,0,0,0,0,0,1,20231217,20240616
BFA23GEN-C056-Weekday-00_C54,1,1,1,1,1,0,0,20231218,20240621
BFA23GEN-D039-Saturday-00_C36,0,0,0,0,0,1,0,20231223,20240622
BFA23GEN-D042-Sunday-00_C20,0,0,0,0,0,0,1,20231217,20240616
BFA23GEN-D080-Weekday-00_C18,1,1,1,1,1,0,0,20231218,20240621
BFA23GEN-E043-Saturday-00_C21,0,0,0,0,0,1,0,20231223,20240622
BFA23GEN-E049-Sunday-00_C55,0,0,0,0,0,0,1,20231217,20240616
BFA23GEN-E075-Weekday-00_C27,1,1,1,1,1,0,0,20231218,20240621
BFA23GEN-F045-Saturday-00_C5,0,0,0,0,0,1,0,20231223,20240622
BFA23GEN-F049-Sunday-00_C23,0,0,0,0,0,0,1,20231217,20240616
BFA23GEN-F077-Weekday-00_C2,1,1,1,1,1,0,0,20231218,20240621
BFA23GEN-FS011-Saturday-00,0,0,0,0,0,1,0,20231223,20240622
BFA23GEN-FS011-Weekday-00,1,1,1,1,1,0,0,20231218,20240621
BFA23GEN-FS012-Sunday-00,0,0,0,0,0,0,1,20231217,20240616
BFA23GEN-G037-Saturday-00_C1,0,0,0,0,0,1,0,20231223,20240622
BFA23GEN-G038-Sunday-00_C29,0,0,0,0,0,0,1,20231217,20240616
BFA23GEN-G054-Weekday-00_C12,1,1,1,1,1,0,0,20231218,20240621
BFA23GEN-H025-Sunday-00_C38,0,0,0,0,0,0,1,20231217,20240616
BFA23GEN-H026-Saturday-00_C8,0,0,0,0,0,1,0,20231223,20240622
BFA23GEN-H042-Weekday-00_C13,1,1,1,1,1,0,0,20231218,20240621
BFA23GEN-J033-Saturday-00_C37,0,0,0,0,0,1,0,20231223,20240622
BFA23GEN-J033-Sunday-00_C6,0,0,0,0,0,0,1,20231217,20240616
BFA23GEN-J054-Weekday-00_C39,1,1,1,1,1,0,0,20231218,20240621
BFA23GEN-L026-Saturday-00_C45,0,0,0,0,0,1,0,20231223,20240622
BFA23GEN-L026-Sunday-00_C44,0,0,0,0,0,0,1,20231217,20240616
BFA23GEN-L049-Weekday-00_C34,1,1,1,1,1,0,0,20231218,20240621
BFA23GEN-M027-Sunday-00_C52,0,0,0,0,0,0,1,20231217,20240616
BFA23GEN-M028-Saturday-00_C41,0,0,0,0,0,1,0,20231223,20240622
BFA23GEN-M091-Weekday-00_C51,1,1,1,1,1,0,0,20231218,20240621
BFA23GEN-N056-Saturday-00_C22,0,0,0,0,0,1,0,20231223,20240622
BFA23GEN-N059-Sunday-00_C50,0,0,0,0,0,0,1,20231217,20240616
BFA23GEN-N098-Weekday-00_C4,1,1,1,1,1,0,0,20231218,20240621
BFA23GEN-Q022-Saturday-00_C47,0,0,0,0,0,1,0,20231223,20240622
BFA23GEN-Q024-Sunday-00_C7,0,0,0,0,0,0,1,20231217,20240616
BFA23GEN-Q070-Weekday-00_C30,1,1,1,1,1,0,0,20231218,20240621
BFA23GEN-R051-Sunday-00_C40,0,0,0,0,0,0,1,20231217,20240616
BFA23GEN-R052-Saturday-00_C28,0,0,0,0,0,1,0,20231223,20240622
BFA23GEN-R093-Weekday-00_C9,1,1,1,1,1,0,0,20231218,20240621
SIR-FA2017-SI017-Saturday-00,0,0,0,0,0,1,0,20231223,20240622
SIR-FA2017-SI017-Saturday-00_C11,0,0,0,0,0,1,0,20231223,20240622
SIR-FA2017-SI017-Sunday-00,0,0,0,0,0,0,1,20231217,20240616
SIR-FA2017-SI017-Sunday-00_C53,0,0,0,0,0,0,1,20231217,20240616
SIR-FA2017-SI017-Weekday-08,1,1,1,1,1,0,0,20231218,20240621
SIR-FA2017-SI017-Weekday-08_C17,1,1,1,1,1,0,0,20231218,20240621
